n: 15
b: [14 -1 -1 -1 -1 -1 -1 -1 -1 -1 -1 -1 -1 -1 -1]
A: [0 17.0294 36.7151 21.095 38.4708 22.0227 69.3542 41.8688 66.1891 73.1642 36.0555 41.3401 42.72 45.31 23.5372 17.0294 0 53.0094 31 49.4975 39.0512 75.71 42.4853 79.0759 88.5494 49.8197 58.2495 50.448 29.6142 39.3954 36.7151 53.0094 0 43 24.7386 18.0278 56.3028 50.2494 36.4005 37.108 38.4708 19.7231 57.8705 77.4661 27.4591 21.095 31 43 0 54.5619 25.02 87.6641 62.8013 78.0897 79.511 20.1246 37.1214 21.6333 60.2993 16.7631 38.4708 49.4975 24.7386 54.5619 0 33.2415 33.9706 28.2312 30.0832 44.5982 58 44.0114 74.0608 65.7343 43.9318 22.0227 39.0512 18.0278 25.02 33.2415 0 67.2086 50.6952 53.3667 54.9181 24.8395 19.6977 41.5933 66.6483 10.8167 69.3542 75.71 56.3028 87.6641 33.9706 67.2086 0 36.1248 34.1321 56.2228 91.9239 76.0066 107.8007 81.0494 77.8974 41.8688 42.4853 50.2494 62.8013 28.2312 50.6952 36.1248 0 53.7587 71.8471 73.9256 67.1863 84.4038 45.1221 59.2368 66.1891 79.0759 36.4005 78.0897 30.0832 53.3667 34.1321 53.7587 0 22.0907 74.7329 53.2541 94.2444 95.3834 63.6003 73.1642 88.5494 37.108 79.511 44.5982 54.9181 56.2228 71.8471 22.0907 0 70.5762 46.6905 91.444 109.4806 63.1269 36.0555 49.8197 38.4708 20.1246 58 24.8395 91.9239 73.9256 74.7329 70.5762 0 24.0208 21 79.4292 14.7648 41.3401 58.2495 19.7231 37.1214 44.0114 19.6977 76.0066 67.1863 53.2541 46.6905 24.0208 0 45.0111 86.3134 20.8087 42.72 50.448 57.8705 21.6333 74.0608 41.5933 107.8007 84.4038 94.2444 91.444 21 45.0111 0 78.2304 30.8707 45.31 29.6142 77.4661 60.2993 65.7343 66.6483 81.0494 45.1221 95.3834 109.4806 79.4292 86.3134 78.2304 0 68.6222 23.5372 39.3954 27.4591 16.7631 43.9318 10.8167 77.8974 59.2368 63.6003 63.1269 14.7648 20.8087 30.8707 68.6222 0]

