n: 15
b: [14 -1 -1 -1 -1 -1 -1 -1 -1 -1 -1 -1 -1 -1 -1]
A: [0 57.0088 14.4222 64.6607 68.0955 73.3348 13.3417 25.2389 36.2215 16.4012 84.7231 39.8121 20.025 58.8727 47.5079 57.0088 0 48.7647 66.4906 115.7454 100.2397 59.0593 54.5619 26.8701 45.0444 88.8144 96.4624 54.231 103.3247 41.4367 14.4222 48.7647 0 51.0392 68.6804 65.192 10.2956 13.1529 24.3311 21.095 72.0139 48.8365 30.0832 57.4282 33.121 64.6607 66.4906 51.0392 0 75.5381 41.0488 53.0377 39.6232 46.2709 70.214 23.0868 83.7735 80.6226 62.2013 26 68.0955 115.7454 68.6804 75.5381 0 43.3244 59.0339 61.2209 89.0225 84.3801 78.2624 42.0476 86.406 13.6015 82.7647 73.3348 100.2397 65.192 41.0488 43.3244 0 60.1332 52.469 74.8465 86.0523 36 70.6045 93.1933 33.2866 59.6406 13.3417 59.0593 10.2956 53.0377 59.0339 60.1332 0 13.6015 34.2053 26.9258 72.111 39.2046 33.0606 48.3735 39.5601 25.2389 54.5619 13.1529 39.6232 61.2209 52.469 13.6015 0 27.8029 34.2345 59.5399 50.1597 43.0116 48.7955 27.1662 36.2215 26.8701 24.3311 46.2709 89.0225 74.8465 34.2053 27.8029 0 31.0644 69.3542 73.1642 42.4382 76.4853 20.6155 16.4012 45.0444 21.095 70.214 84.3801 86.0523 26.9258 34.2345 31.0644 0 92.1141 54.9181 11.4018 74.7329 48.2701 84.7231 88.8144 72.0139 23.0868 78.2624 36 72.111 59.5399 69.3542 92.1141 0 96.8349 102.0441 66.4831 49.0408 39.8121 96.4624 48.8365 83.7735 42.0476 70.6045 39.2046 50.1597 73.1642 54.9181 96.8349 0 52.3259 40.8534 77.3175 20.025 54.231 30.0832 80.6226 86.406 93.1933 33.0606 43.0116 42.4382 11.4018 102.0441 52.3259 0 78.1601 59.4643 58.8727 103.3247 57.4282 62.2013 13.6015 33.2866 48.3735 48.7955 76.4853 74.7329 66.4831 40.8534 78.1601 0 69.3181 47.5079 41.4367 33.121 26 82.7647 59.6406 39.5601 27.1662 20.6155 48.2701 49.0408 77.3175 59.4643 69.3181 0]
s: [0 1 0 0 0 0 1 0 0 0 1 1 0 0 1]

