n: 15
b: [14 -1 -1 -1 -1 -1 -1 -1 -1 -1 -1 -1 -1 -1 -1]
A: [0 59.6657 37.0135 38.0789 48.7955 31.1448 35 62.2415 51.8652 59.0593 38.0132 63 79.9812 60.075 18.3848 59.6657 0 96.1769 79.3095 11.7047 43.566 24.7588 118.6002 21.2132 116.5161 95.6713 41.6293 92.9139 43.3244 77.9872 37.0135 96.1769 0 38.4708 85.6329 65.3911 71.4213 28.0713 85.44 23.5372 7.8102 90.7579 85.7263 86.977 18.868 38.0789 79.3095 38.4708 0 71.8401 67.082 57.4891 45.6508 62.1289 46.2385 32.0156 59.4054 47.927 55.2178 35.609 48.7955 11.7047 85.6329 71.8401 0 32.1403 14.7648 109 22.0227 106.6068 85.6037 44.0454 91.214 44.6542 67.1789 31.1448 43.566 65.3911 67.082 32.1403 0 26.9258 92.3472 48.0833 88.6002 68.0074 67.5352 101.789 66.3702 46.8188 35 24.7588 71.4213 57.4891 14.7648 26.9258 0 94.3027 21.3776 92.0054 71.0634 40.8167 81.1542 40 53.2635 62.2415 118.6002 28.0713 45.6508 109 92.3472 94.3027 0 104.6518 5.831 24.3516 104.8475 84.0536 100.7025 45.607 51.8652 21.2132 85.44 62.1289 22.0227 48.0833 21.3776 104.6518 0 103.3925 83.4086 22.0227 71.7008 22.8254 68.8767 59.0593 116.5161 23.5372 46.2385 106.6068 88.6002 92.0054 5.831 103.3925 0 21.095 104.8094 87.023 100.7224 41.7852 38.0132 95.6713 7.8102 32.0156 85.6037 68.0074 71.0634 24.3516 83.4086 21.095 0 86.9253 78.5875 83.006 21.3776 63 41.6293 90.7579 59.4054 44.0454 67.5352 40.8167 104.8475 22.0227 104.8094 86.9253 0 54.1479 4.2426 77.1038 79.9812 92.9139 85.7263 47.927 91.214 101.789 81.1542 84.0536 71.7008 87.023 78.5875 54.1479 0 51.0098 82.8553 60.075 43.3244 86.977 55.2178 44.6542 66.3702 40 100.7025 22.8254 100.7224 83.006 4.2426 51.0098 0 73.6817 18.3848 77.9872 18.868 35.609 67.1789 46.8188 53.2635 45.607 68.8767 41.7852 21.3776 77.1038 82.8553 73.6817 0]

